point
110
370.00000 60.00000
371.00000 60.00000
372.00000 60.00000
373.00000 60.00000
374.00000 60.00000
375.00000 60.00000
376.00000 60.00000
377.00000 60.00000
369.00000 61.00000
370.00000 61.00000
371.00000 61.00000
372.00000 61.00000
373.00000 61.00000
374.00000 61.00000
375.00000 61.00000
376.00000 61.00000
377.00000 61.00000
378.00000 61.00000
368.00000 62.00000
369.00000 62.00000
370.00000 62.00000
371.00000 62.00000
372.00000 62.00000
373.00000 62.00000
374.00000 62.00000
375.00000 62.00000
376.00000 62.00000
377.00000 62.00000
378.00000 62.00000
379.00000 62.00000
368.00000 63.00000
369.00000 63.00000
370.00000 63.00000
371.00000 63.00000
372.00000 63.00000
373.00000 63.00000
374.00000 63.00000
375.00000 63.00000
376.00000 63.00000
377.00000 63.00000
378.00000 63.00000
379.00000 63.00000
368.00000 64.00000
369.00000 64.00000
370.00000 64.00000
371.00000 64.00000
372.00000 64.00000
373.00000 64.00000
374.00000 64.00000
375.00000 64.00000
376.00000 64.00000
377.00000 64.00000
378.00000 64.00000
379.00000 64.00000
380.00000 64.00000
368.00000 65.00000
369.00000 65.00000
370.00000 65.00000
371.00000 65.00000
372.00000 65.00000
373.00000 65.00000
374.00000 65.00000
375.00000 65.00000
376.00000 65.00000
377.00000 65.00000
378.00000 65.00000
379.00000 65.00000
380.00000 65.00000
369.00000 66.00000
370.00000 66.00000
371.00000 66.00000
372.00000 66.00000
373.00000 66.00000
374.00000 66.00000
375.00000 66.00000
376.00000 66.00000
377.00000 66.00000
378.00000 66.00000
379.00000 66.00000
369.00000 67.00000
370.00000 67.00000
371.00000 67.00000
372.00000 67.00000
373.00000 67.00000
374.00000 67.00000
375.00000 67.00000
376.00000 67.00000
377.00000 67.00000
378.00000 67.00000
379.00000 67.00000
370.00000 68.00000
371.00000 68.00000
372.00000 68.00000
373.00000 68.00000
374.00000 68.00000
375.00000 68.00000
376.00000 68.00000
377.00000 68.00000
378.00000 68.00000
370.00000 69.00000
371.00000 69.00000
372.00000 69.00000
373.00000 69.00000
374.00000 69.00000
375.00000 69.00000
376.00000 69.00000
377.00000 69.00000
372.00000 70.00000
373.00000 70.00000
374.00000 70.00000
